CPU: 0.731914 Flow: 6740
CPU: 0.008036 Flow: 159
CPU: 0.228974 Flow: 3193
